14
14
16
9
36
14
34
24
7
32
20
5
19
23
9
9
14
15
9
16
5
8
11
35
13
14
29
5
15
20
40
13
9
14
25
14
11
9
17
29
18
8
29
8
15
8
31
12
15
7
25
20
21
19
29
19
13
9
20
13
8
40
10
20
31
15
11
32
8
14
10
28
18
17
24
34
11
16
6
10
12
28
6
15
16
15
10
8
7
17
18
16
11
14
28
19
10
14
9
13
17
30
16
9
22
33
26
18
25
12
9
46
33
18
16
9
19
24
21
26
15
22
14
14
22
13
23
14
14
25
18
24
17
16
17
13
14
13
19
17
11
15
15
24
11
32
15
16
10
40
30
30
21
8
19
19
30
29
22
14
17
22
14
18
9
11
6
14
16
17
9
16
8
14
10
25
16
23
11
41
13
17
6
24
8
7
11
11
20
19
17
11
19
9
13
10
21
13
29
24
7
10
24
18
34
9
25
7
5
21
10
16
11
13
4
25
21
13
34
15
14
16
35
16
20
25
22
25
9
10
22
11
9
19
29
22
25
11
7
11
31
10
13
36
22
12
22
11
12
13
17
12
9
9
8
14
18
15
24
15
21
16
15
7
22
11
22
33
15
35
15
24
14
11
15
20
15
22
19
29
8
25
29
7
11
29
21
12
37
37
13
20
16
16
21
22
11
22
13
34
14
18
17
25
14
21
11
21
22
17
19
21
11
18
16
7
30
11
12
10
16
13
13
13
7
19
14
46
23
13
18
19
9
13
8
28
18
20
17
11
10
27
13
20
14
12
31
13
21
25
20
17
23
17
20
17
16
7
13
25
7
11
23
9
14
16
7
17
38
26
13
16
14
21
11
21
16
8
18
18
13
8
17
15
14
33
14
18
21
9
12
25
22
9
36
24
23
13
16
8
26
15
10
36
7
19
22
28
12
13
14
11
6
20
15
12
31
22
29
11
13
18
7
13
13
16
15
10
14
22
11
16
30
15
14
15
21
31
21
23
28
10
29
22
6
17
9
50
13
17
14
8
14
9
12
8
11
16
13
16
9
14
18
13
11
13
15
30
26
10
28
15
10
15
11
20
18
25
28
23
10
18
18
12
18
22
21
19
19
21
11
23
14
24
19
37
5
8
29
16
22
38
14
18
29
11
16
21
21
27
20
8
29
12
6
15
24
28
17
21
25
21
23
21
19
22
19
23
23
7
17
11
18
24
23
9
13
2
30
3
13
20
14
23
22
34
24
24
18
17
13
22
23
26
19
21
23
23
15
20
9
13
11
18
13
14
21
25
28
15
41
19
19
22
12
47
27
18
18
22
17
16
6
7
7
13
22
30
15
2
4
24
21
13
14
20
22
24
3
13
16
20
21
8
26
12
23
22
21
20
25
20
4
26
8
5
9
11
5
19
10
14
6
22
9
18
14
14
17
30
18
3
29
27
29
24
15
15
17
23
17
18
16
22
16
11
29
14
21
10
18
8
13
7
20
27
25
26
11
14
17
11
17
20
16
13
2
6
11
14
17
7
13
13
31
15
18
23
22
12
8
26
25
18
14
22
24
24
9
11
16
24
13
29
21
26
34
41
19
32
21
25
28
45
18
11
22
20
19
25
18
25
27
19
17
16
23
17
18
8
14
18
18
18
7
9
15
15
19
16
16
16
16
23
17
15
11
16
20
23
9
18
9
30
19
20
23
25
16
22
23
17
19
22
12
22
23
11
9
14
28
15
16
24
16
27
25
22
13
12
13
26
10
17
19
24
24
14
15
15
16
21
20
11
14
20
12
23
25
23
22
30
24
20
22
16
20
7
11
7
20
9
10
11
13
14
15
13
15
36
11
16
12
14
14
23
11
19
22
17
11
26
11
13
19
8
7
12
20
10
16
15
10
14
7
11
13
18
12
23
13
17
12
9
14
16
29
13
15
15
16
15
26
21
27
7
7
2
30
28
23
16
24
18
18
12
22
14
19
20
10
17
18
8
20
24
36
24
8
20
22
16
6
9
18
20
15
35
20
19
9
11
20
12
11
16
14
33
20
13
19
16
15
15
18
14
20
13
11
21
14
17
27
22
17
16
25
34
8
21
27
13
22
20
15
26
12
26
13
34
29
22
17
23
22
24
18
24
18
28
13
14
15
20
8
7
9
13
20
18
18
24
8
23
15
11
19
15
12
9
18
7
11
10
21
8
22
18
15
28
27
32
20
19
4
13
21
28
25
34
19
18
19
13
36
11
16
15
15
22
13
16
16
7
16
14
14
41
11
27
8
26
18
19
19
16
21
21
17
20
36
8
17
12
12
22
24
8
23
17
13
12
10
14
10
10
20
21
8
23
28
15
15
22
17
15
15
12
22
30
21
20
19
28
19
16
20
21
18
32
18
16
23
18
16
22
14
11
14
24
25
17
21
18
19
12
26
21
18
25
27
11
23
10
20
12
15
26
25
27
27
15
16
16
43
17
24
19
10
38
17
26
11
24
23
17
11
13
16
19
15
18
20
7
26
12
21
14
12
19
14
11
5
19
19
16
29
18
20
19
20
16
15
13
18
21
29
18
20
14
16
15
20
19
12
16
14
23
23
21
17
27
24
7
14
9
16
13
18
24
14
14
22
17
11
17
12
23
14
14
14
18
10
19
17
14
32
14
21
7
15
13
13
13
20
17
25
33
26
21
16
12
42
18
11
24
19
4
12
12
8
13
12
23
11
12
6
21
13
14
18
26
20
14
29
22
22
21
22
13
25
17
3
9
14
21
27
35
17
14
21
25
14
10
11
17
31
15
20
21
22
13
25
16
13
8
26
33
19
17
13
14
12
23
34
12
29
18
24
21
30
21
25
10
14
23
11
24
15
7
11
19
20
10
21
10
18
8
13
15
11
17
22
11
17
11
19
22
23
16
18
20
13
15
10
13
15
11
12
15
15
13
20
21
7
19
10
14
28
15
14
14
16
17
20
21
24
18
31
21
25
25
22
18
15
31
21
23
9
19
14
12
33
12
17
27
14
25
27
23
19
35
13
25
41
19
27
9
14
16
16
19
11
23
21
34
15
13
20
12
19
13
33
6
9
23
17
15
11
11
14
18
13
11
16
8
31
19
10
14
22
9
18
11
10
15
22
8
10
9
15
10
13
11
14
12
15
14
17
6
14
12
12
25
15
9
13
11
20
16
17
14
13
18
19
22
42
6
19
17
19
11
29
11
26
12
18
22
20
24
8
16
7
13
11
11
16
14
13
18
18
24
14
15
13
11
16
14
6
17
19
19
21
21
9
23
17
18
17
17
15
12
24
26
18
15
20
24
8
18
10
13
23
16
14
9
15
31
15
33
28
18
10
6
25
19
30
19
18
19
29
19
13
30
15
19
16
21
17
16
15
9
8
15
19
8
21
28
18
22
13
15
35
17
18
38
13
36
24
16
31
23
10
12
23
24
16
55
38
29
17
28
51
27
38
18
51
11
23
31
23
31
39
9
19
15
25
21
21
26
25
14
48
20
18
23
37
20
54
59
40
51
44
36
46
37
63
14
12
54
17
18
21
17
23
37
33
20
20
49
27
37
27
21
13
43
19
37
26
18
74
77
44
59
18
20
32
95
54
10
59
40
25
11
19
51
27
44
36
21
42
14
14
46
25
37
44
21
15
36
57
37
71
29
18
27
21
29
28
36
51
37
18
71
29
18
27
21
28
38
35
21
16
19
18
14
37
23
16
14
17
20
19
14
14
28
14
12
57
34
28
23
38
21
12
26
16
31
8
29
10
32
19
20
18
29
52
18
21
17
19
15
11
15
27
5
13
8
17
6
10
9
19
14
15
22
12
11
23
31
28
22
14
28
18
16
19
16
33
16
15
20
33
14
22
25
14
21
17
7
11
26
31
41
32
68
17
29
31
26
17
36
58
38
43
31
21
35
72
35
23
51
47
89
61
61
53
67
91
51
16
63
61
25
17
21
39
78
21
17
38
13
37
106
46
24
30
27
34
47
22
51
49
58
36
30
35
28
37
14
25
39
27
48
19
67
34
34
55
46
105
60
11
48
21
24
14
32
33
37
55
36
47
31
27
40
53
61
37
41
43
24
36
32
32
65
32
11
36
13
46
32
21
27
35
28
69
21
18
16
46
28
14
13
41
51
28
34
36
21
33
12
18
35
29
30
33
33
20
22
10
18
18
36
26
18
16
41
69
3
6
9
39
49
33
15
9
18
37
25
17
39
19
10
53
38
37
32
15
26
27
17
30
4
36
24
38
28
54
14
33
20
15
31
36
29
37
14
46
31
27
36
40
21
19
4
52
22
31
21
9
45
10
11
19
16
11
66
14
30
5
34
15
35
17
16
14
25
31
31
11
37
21
24
4
20
22
8
15
70
66
11
16
12
11
15
15
19
13
39
16
17
8
22
31
36
18
8
21
54
30
14
11
21
9
25
18
25
19
29
6
34
16
6
10
48
16
23
32
17
54
31
39
58
45
14
49
24
27
52
12
20
20
29
21
38
29
20
17
22
11
15
13
16
16
32
16
14
23
18
9
12
9
27
8
6
8
9
13
15
45
19
31
21
38
14
46
17
13
42
23
56
25
28
28
24
19
20
11
13
11
40
29
31
17
24
12
10
13
35
69
14
15
36
30
44
34
33
41
14
11
18
32
28
47
13
14
17
23
26
19
17
19
38
41
9
47
25
23
23
64
34
10
17
16
60
38
21
23
26
34
16
25
37
30
10
13
10
20
67
29
43
42
54
45
24
39
17
31
31
27
14
62
32
26
22
36
21
20
26
81
24
26
97
27
9
20
27
75
10
29
14
55
39
28
18
21
61
20
34
27
56
9
60
43
31
45
32
25
41
5
9
27
14
15
13
17
11
39
29
46
30
9
17
29
52
30
17
68
31
21
38
6
11
25
95
25
19
30
39
32
21
14
30
21
32
40
27
22
20
41
25
39
15
26
10
38
22
22
20
34
20
11
13
21
13
42
25
36
68
25
34
18
39
41
47
48
40
20
9
41
18
12
17
18
9
24
8
22
15
14
20
42
36
36
19
15
15
21
11
11
20
35
18
22
21
18
18
22
21
13
38
11
11
10
7
20
30
39
16
13
96
77
12
33
27
15
19
9
37
9
18
33
17
18
18
16
17
46
13
11
16
34
11
12
20
35
15
16
16
10
13
15
16
13
19
19
26
14
12
27
17
20
12
10
18
36
24
9
14
9
16
28
31
23
23
27
22
27
37
21
37
25
22
40
52
22
12
23
125
12
10
25
40
45
10
13
33
32
35
16
29
38
15
34
17
40
18
29
14
21
32
20
35
30
79
27
44
44
7
29
21
23
20
46
33
32
38
59
33
31
35
53
19
27
39
32
31
45
50
41
20
30
10
21
16
25
36
25
30
19
24
20
14
26
10
16
32
16
20
6
20
20
8
14
12
24
10
25
10
9
37
20
15
27
11
16
14
9
12
23
18
13
19
25
5
11
20
18
8
21
24
33
24
20
16
24
24
19
8
21
7
19
17
9
19
18
18
22
23
15
21
9
14
25
28
16
11
13
9
32
18
12
12
18
24
12
17
28
19
38
19
21
41
61
70
50
33
22
18
51
29
35
32
21
22
41
21
26
47
19
15
19
27
37
23
51
14
13
21
8
21
15
23
18
34
47
20
13
22
22
30
76
9
34
74
21
9
18
37
34
25
25
11
20
10
17
7
7
15
52
15
20
70
49
81
60
17
72
22
21
57
28
71
9
14
54
10
55
48
77
21
19
25
57
9
37
23
11
10
51
9
17
7
21
107
42
18
44
8
15
11
35
26
49
22
10
77
26
22
58
31
10
74
29
51
39
30
30
12
38
20
16
26
22
32
31
27
31
13
22
12
17
29
20
15
9
16
11
25
29
25
26
19
20
8
9
14
11
3
13
17
18
9
23
28
7
21
24
23
15
53
57
45
42
16
40
63
35
20
30
23
37
13
27
11
35
6
37
22
36
65
30
12
30
27
38
24
37
45
30
21
5
61
23
9
31
8
32
17
81
30
37
10
9
12
19
16
41
8
13
38
19
53
7
48
11
28
6
10
42
8
10
39
37
30
32
54
30
29
53
34
30
24
35
28
16
21
3
21
52
19
13
73
33
24
13
44
18
24
34
17
29
26
60
28
35
25
22
67
26
30
25
20
17
2
8
12
6
12
50
15
10
11
25
20
19
20
43
31
17
16
26
28
50
23
42
50
12
15
10
49
48
12
42
7
17
9
37
34
12
21
19
18
13
5
20
26
11
9
10
10
14
17
13
30
15
9
7
7
21
16
13
12
10
23
7
11
30
19
19
13
12
25
21
25
13
36
40
26
9
18
8
2
24
26
23
23
23
18
13
54
13
33
22
8
22
10
13
64
17
12
17
38
16
16
12
12
18
20
17
16
20
18
76
18
40
30
5
32
28
17
12
16
6
19
25
14
31
27
35
29
20
13
17
80
30
20
28
15
28
22
16
13
15
19
36
44
27
8
12
46
78
19
33
46
32
47
23
28
40
13
13
32
19
21
22
43
17
16
36
12
9
24
64
17
20
16
27
19
26
21
27
15
19
13
26
15
25
31
16
29
8
11
16
24
16
23
11
17
8
15
16
19
11
22
4
14
13
23
21
16
21
13
17
15
22
47
20
17
38
13
29
24
24
22
18
29
19
13
14
24
12
25
16
21
22
13
24
33
10
10
27
17
29
4
46
17
25
34
29
34
33
26
13
72
33
42
55
57
40
19
12
17
49
17
25
58
19
26
32
15
16
27
36
16
44
25
32
25
32
22
13
42
36
34
24
31
31
12
15
31
22
2
10
29
36
21
28
28
30
24
24
15
9
23
19
28
20
29
35
43
25
43
9
41
25
31
29
18
28
27
33
80
31
33
22
45
46
9
11
18
7
31
57
45
45
38
26
51
42
7
30
92
29
22
16
66
35
24
16
11
32
23
19
18
49
117
28
36
19
15
37
20
17
27
22
13
48
11
45
13
19
93
46
23
7
12
66
35
21
35
26
22
36
16
8
17
17
20
27
18
15
31
43
55
62
14
64
50
5
7
10
4
41
21
29
8
8
15
11
7
24
12
21
11
8
9
52
25
9
9
8
28
30
11
14
25
20
9
5
12
6
11
13
15
18
14
40
21
27
22
12
7
8
16
23
13
8
8
13
42
21
9
27
46
26
15
17
17
27
12
73
53
59
12
8
86
16
51
20
17
8
17
30
21
45
16
17
61
41
7
20
36
31
5
14
6
9
22
20
8
16
3
27
21
52
16
20
18
30
9
20
22
22
47
41
39
47
30
39
34
22
23
26
27
19
34
13
19
51
23
16
62
22
6
38
78
9
33
18
13
8
65
14
24
12
19
52
16
27
14
8
12
12
11
76
67
17
6
47
19
12
21
36
38
17
34
11
36
15
14
4
10
56
39
60
25
7
29
37
15
11
33
40
59
17
6
36
36
31
35
23
12
35
26
33
33
31
25
21
29
27
26
28
31
31
22
32
24
23
45
39
11
31
40
20
67
24
20
57
30
61
29
36
43
19
43
46
327
44
23
13
14
20
21
18
30
32
29
14
9
34
50
56
36
10
29
58
15
29
34
29
12
72
27
3
8
48
102
20
14
37
15
17
52
8
32
33
41
22
52
27
34
54
44
27
15
9
27
16
17
31
30
27
38
11
31
11
31
29
19
23
16
10
30
11
18
20
25
29
23
10
34
22
22
20
36
22
19
15
26
14
13
15
7
11
25
9
12
12
10
26
21
27
21
28
18
34
12
19
21
13
28
22
31
31
21
89
43
17
76
32
17
20
26
53
25
28
45
31
11
35
29
45
27
6
24
17
19
11
22
32
16
40
8
18
27
4
15
33
30
36
18
79
16
16
35
23
20
51
10
13
26
47
12
18
30
23
29
22
28
37
22
21
17
17
34
23
28
23
24
30
21
30
37
9
6
16
11
33
40
21
19
11
10
45
33
25
4
5
4
9
48
32
26
27
17
28
17
43
33
17
10
26
24
33
24
35
23
38
18
24
19
21
28
28
22
31
19
29
54
30
22
46
14
16
15
36
26
32
52
22
22
31
29
17
36
39
35
25
32
23
53
31
34
30
63
41
30
14
20
35
27
37
21
9
19
20
21
10
20
24
33
25
33
13
25
30
23
18
31
12
23
28
13
19
21
23
13
43
28
33
8
44
34
13
22
29
28
25
31
24
33
26
17
29
16
26
24
36
13
37
23
18
36
28
25
20
27
30
12
23
17
34
15
36
12
28
20
22
6
25
11
8
13
14
17
13
22
27
24
27
12
15
11
9
20
17
27
32
18
38
23
16
21
18
13
18
23
11
33
25
40
14
47
20
20
10
13
17
32
21
19
34
29
18
17
22
21
29
25
22
32
26
13
14
20
13
34
11
19
12
13
31
22
16
25
12
29
16
23
20
27
13
28
22
29
23
24
30
24
20
16
21
19
29
20
31
20
12
15
16
31
21
27
19
28
42
42
17
42
51
13
19
19
34
15
22
36
36
5
25
35
18
22
10
10
17
30
15
17
11
26
27
41
36
29
26
8
35
25
18
31
21
19
41
25
24
31
22
54
32
31
18
18
26
13
14
11
33
20
14
25
26
20
17
14
25
30
16
52
42
33
24
26
34
27
40
52
18
29
15
20
29
30
22
32
27
17
18
42
38
30
16
27
11
26
15
23
27
37
12
25
19
19
24
37
6
54
33
19
30
42
6
32
9
34
36
6
28
16
21
15
12
12
16
21
23
31
24
30
19
30
19
17
6
18
25
19
22
43
14
14
14
24
23
6
44
45
40
22
35
25
64
26
19
38
27
27
27
51
20
27
35
40
56
18
35
17
20
39
38
35
21
23
37
31
24
30
52
20
30
28
25
30
19
36
16
44
20
36
21
51
12
45
35
28
25
39
44
40
12
18
48
30
7
40
21
17
33
18
30
21
31
36
17
23
44
13
45
58
25
35
17
21
43
37
8
34
23
39
20
23
16
32
24
26
26
29
45
27
21
26
16
40
39
28
38
11
